10 0.20071655999999982
20 0.22288391999999982
30 0.5406873999999996
40 1.0156417999999992
50 1.9950832599999984
60 3.9872203799999966
70 7.975128079999993
80 15.958578399999986
90 31.91438619999997
100 63.833496759999946
110 127.6724333399999
120 255.3462248999998
130 510.6945761199996
140 1021.3902563599993
150 2042.7887271199984
160 4085.583034279997
170 8171.1714170599935
180 16342.464716639988
190 32684.975362719975
200 65369.79462625995
210 130739.60368955991
220 261479.20772435982
230 522958.51374723966
240 1045916.9589756592
250 2091833.9136995585
260 4183667.9887486165
270 8367335.8490863135
280 1.6734671698420247E7
290 3.3469343394013874E7
300 6.693868693582655E7
310 1.3387737376623766E8
320 2.6775474756860656E8
330 5.355094950788696E8
340 1.0710189903074245E9
350 2.1420379806313694E9
360 4.284075961988085E9
370 8.568151923187103E9
380 1.7136303846524548E10
390 3.427260769290621E10
400 6.854521538597699E10
410 1.3709043077201721E11
420 2.741808615439719E11
430 5.483617230878652E11
440 1.0967234461756715E12
450 2.193446892351463E12
460 4.38689378470308E12
470 8.773787569406024E12
480 1.7547575138812502E13
490 3.5095150277624805E13
500 7.019030055524949E13
