10 0.9782410799999997
20 1.0249592999999997
30 2.083126039999999
40 4.233662339999998
50 8.406038499999996
60 16.81824207999999
70 33.70663015999999
80 67.46654811999997
90 134.83885243999995
100 269.6725071799999
110 539.3719545999998
120 1078.9910241799994
130 2158.119102239999
140 4316.061921479998
150 8631.996154159995
160 17263.97781851999
170 34528.21131311999
180 69056.18100319998
190 138112.29754307994
200 276224.5327840199
210 552449.1579949599
220 1104898.29013996
230 2209796.5955855
240 4419593.3853256395
250 8839186.51809902
260 1.7678373450103957E7
270 3.535674664412677E7
280 7.071349316138218E7
290 1.4142698641141993E8
300 2.8285397296754694E8
310 5.657079458427328E8
320 1.131415891643917E9
330 2.262831783178634E9
340 4.525663566541621E9
350 9.051327133045523E9
360 1.8102654266146053E10
370 3.620530853213582E10
380 7.241061706470459E10
390 1.4482123412915756E11
400 2.896424682582581E11
410 5.792849365166946E11
420 1.1585698730332852E12
430 2.3171397460664106E12
440 4.634279492133014E12
450 9.268558984265822E12
460 1.85371179685319E13
470 3.7074235937063734E13
480 7.414847187412769E13
490 1.4829694374825525E14
500 2.96593887496511E14
